mDot tR H2 O2 N2 H2O H O OH HO2 H2O2 N NO NO2 T
1.0000e-05 8.3816e-01 1.2648e-03 6.3907e-03 7.4371e-01 2.4035e-01 7.5162e-05 3.6176e-04 4.8165e-03 1.5005e-06 1.7395e-07 4.1772e-08 3.0271e-03 7.0563e-07 2.3787e+03
1.0116e-05 8.2856e-01 1.2649e-03 6.3918e-03 7.4371e-01 2.4035e-01 7.5178e-05 3.6185e-04 4.8170e-03 1.5008e-06 1.7400e-07 4.1767e-08 3.0261e-03 7.0531e-07 2.3787e+03
1.0233e-05 8.1907e-01 1.2650e-03 6.3929e-03 7.4371e-01 2.4035e-01 7.5194e-05 3.6195e-04 4.8175e-03 1.5010e-06 1.7405e-07 4.1761e-08 3.0251e-03 7.0498e-07 2.3787e+03
1.0352e-05 8.0969e-01 1.2651e-03 6.3940e-03 7.4371e-01 2.4035e-01 7.5210e-05 3.6204e-04 4.8181e-03 1.5012e-06 1.7410e-07 4.1756e-08 3.0241e-03 7.0465e-07 2.3787e+03
1.0472e-05 8.0041e-01 1.2652e-03 6.3952e-03 7.4371e-01 2.4035e-01 7.5226e-05 3.6213e-04 4.8186e-03 1.5015e-06 1.7415e-07 4.1750e-08 3.0231e-03 7.0432e-07 2.3787e+03
1.0593e-05 7.9124e-01 1.2653e-03 6.3963e-03 7.4371e-01 2.4034e-01 7.5243e-05 3.6222e-04 4.8192e-03 1.5017e-06 1.7420e-07 4.1745e-08 3.0221e-03 7.0398e-07 2.3786e+03
1.0716e-05 7.8218e-01 1.2654e-03 6.3975e-03 7.4371e-01 2.4034e-01 7.5260e-05 3.6232e-04 4.8198e-03 1.5019e-06 1.7425e-07 4.1739e-08 3.0210e-03 7.0364e-07 2.3786e+03
1.0840e-05 7.7322e-01 1.2655e-03 6.3987e-03 7.4371e-01 2.4034e-01 7.5277e-05 3.6242e-04 4.8204e-03 1.5022e-06 1.7430e-07 4.1733e-08 3.0200e-03 7.0329e-07 2.3786e+03
1.0966e-05 7.6437e-01 1.2656e-03 6.3999e-03 7.4371e-01 2.4034e-01 7.5294e-05 3.6251e-04 4.8209e-03 1.5024e-06 1.7436e-07 4.1727e-08 3.0189e-03 7.0295e-07 2.3786e+03
1.1093e-05 7.5561e-01 1.2657e-03 6.4011e-03 7.4371e-01 2.4034e-01 7.5312e-05 3.6261e-04 4.8215e-03 1.5027e-06 1.7441e-07 4.1722e-08 3.0178e-03 7.0260e-07 2.3786e+03
1.1221e-05 7.4696e-01 1.2658e-03 6.4023e-03 7.4372e-01 2.4034e-01 7.5329e-05 3.6271e-04 4.8221e-03 1.5029e-06 1.7446e-07 4.1716e-08 3.0167e-03 7.0224e-07 2.3786e+03
1.1352e-05 7.3840e-01 1.2659e-03 6.4036e-03 7.4372e-01 2.4034e-01 7.5347e-05 3.6281e-04 4.8227e-03 1.5032e-06 1.7452e-07 4.1710e-08 3.0156e-03 7.0188e-07 2.3786e+03
1.1483e-05 7.2994e-01 1.2660e-03 6.4048e-03 7.4372e-01 2.4033e-01 7.5365e-05 3.6291e-04 4.8233e-03 1.5035e-06 1.7457e-07 4.1704e-08 3.0145e-03 7.0152e-07 2.3785e+03
1.1616e-05 7.2158e-01 1.2662e-03 6.4061e-03 7.4372e-01 2.4033e-01 7.5384e-05 3.6302e-04 4.8240e-03 1.5037e-06 1.7463e-07 4.1698e-08 3.0134e-03 7.0115e-07 2.3785e+03
1.1751e-05 7.1332e-01 1.2663e-03 6.4073e-03 7.4372e-01 2.4033e-01 7.5402e-05 3.6312e-04 4.8246e-03 1.5040e-06 1.7468e-07 4.1691e-08 3.0122e-03 7.0078e-07 2.3785e+03
1.1887e-05 7.0515e-01 1.2664e-03 6.4086e-03 7.4372e-01 2.4033e-01 7.5421e-05 3.6323e-04 4.8252e-03 1.5043e-06 1.7474e-07 4.1685e-08 3.0111e-03 7.0040e-07 2.3785e+03
1.2025e-05 6.9707e-01 1.2665e-03 6.4099e-03 7.4372e-01 2.4033e-01 7.5440e-05 3.6333e-04 4.8259e-03 1.5045e-06 1.7480e-07 4.1679e-08 3.0099e-03 7.0003e-07 2.3785e+03
1.2164e-05 6.8909e-01 1.2666e-03 6.4113e-03 7.4372e-01 2.4033e-01 7.5459e-05 3.6344e-04 4.8265e-03 1.5048e-06 1.7486e-07 4.1672e-08 3.0087e-03 6.9964e-07 2.3785e+03
1.2305e-05 6.8119e-01 1.2667e-03 6.4126e-03 7.4372e-01 2.4033e-01 7.5478e-05 3.6355e-04 4.8271e-03 1.5051e-06 1.7491e-07 4.1666e-08 3.0075e-03 6.9926e-07 2.3785e+03
1.2448e-05 6.7339e-01 1.2669e-03 6.4140e-03 7.4372e-01 2.4032e-01 7.5498e-05 3.6366e-04 4.8278e-03 1.5054e-06 1.7497e-07 4.1659e-08 3.0063e-03 6.9886e-07 2.3784e+03
1.2592e-05 6.6568e-01 1.2670e-03 6.4153e-03 7.4372e-01 2.4032e-01 7.5517e-05 3.6377e-04 4.8285e-03 1.5056e-06 1.7503e-07 4.1653e-08 3.0051e-03 6.9847e-07 2.3784e+03
1.2738e-05 6.5806e-01 1.2671e-03 6.4167e-03 7.4372e-01 2.4032e-01 7.5537e-05 3.6388e-04 4.8291e-03 1.5059e-06 1.7509e-07 4.1646e-08 3.0039e-03 6.9807e-07 2.3784e+03
1.2886e-05 6.5052e-01 1.2672e-03 6.4181e-03 7.4372e-01 2.4032e-01 7.5558e-05 3.6400e-04 4.8298e-03 1.5062e-06 1.7516e-07 4.1639e-08 3.0026e-03 6.9767e-07 2.3784e+03
1.3035e-05 6.4307e-01 1.2674e-03 6.4195e-03 7.4372e-01 2.4032e-01 7.5578e-05 3.6411e-04 4.8305e-03 1.5065e-06 1.7522e-07 4.1632e-08 3.0014e-03 6.9726e-07 2.3784e+03
1.3186e-05 6.3570e-01 1.2675e-03 6.4209e-03 7.4372e-01 2.4032e-01 7.5599e-05 3.6423e-04 4.8312e-03 1.5068e-06 1.7528e-07 4.1626e-08 3.0001e-03 6.9685e-07 2.3784e+03
1.3339e-05 6.2842e-01 1.2676e-03 6.4224e-03 7.4372e-01 2.4031e-01 7.5620e-05 3.6435e-04 4.8319e-03 1.5071e-06 1.7534e-07 4.1619e-08 2.9988e-03 6.9643e-07 2.3783e+03
1.3494e-05 6.2123e-01 1.2678e-03 6.4238e-03 7.4372e-01 2.4031e-01 7.5641e-05 3.6446e-04 4.8326e-03 1.5074e-06 1.7541e-07 4.1611e-08 2.9975e-03 6.9601e-07 2.3783e+03
1.3650e-05 6.1411e-01 1.2679e-03 6.4253e-03 7.4372e-01 2.4031e-01 7.5662e-05 3.6459e-04 4.8334e-03 1.5077e-06 1.7547e-07 4.1604e-08 2.9962e-03 6.9558e-07 2.3783e+03
1.3808e-05 6.0708e-01 1.2680e-03 6.4268e-03 7.4373e-01 2.4031e-01 7.5684e-05 3.6471e-04 4.8341e-03 1.5080e-06 1.7554e-07 4.1597e-08 2.9949e-03 6.9515e-07 2.3783e+03
1.3968e-05 6.0013e-01 1.2682e-03 6.4283e-03 7.4373e-01 2.4031e-01 7.5706e-05 3.6483e-04 4.8348e-03 1.5083e-06 1.7561e-07 4.1590e-08 2.9935e-03 6.9472e-07 2.3783e+03
1.4130e-05 5.9325e-01 1.2683e-03 6.4298e-03 7.4373e-01 2.4030e-01 7.5728e-05 3.6496e-04 4.8356e-03 1.5087e-06 1.7567e-07 4.1582e-08 2.9922e-03 6.9428e-07 2.3783e+03
1.4294e-05 5.8646e-01 1.2685e-03 6.4314e-03 7.4373e-01 2.4030e-01 7.5750e-05 3.6508e-04 4.8363e-03 1.5090e-06 1.7574e-07 4.1575e-08 2.9908e-03 6.9383e-07 2.3782e+03
1.4460e-05 5.7974e-01 1.2686e-03 6.4329e-03 7.4373e-01 2.4030e-01 7.5773e-05 3.6521e-04 4.8371e-03 1.5093e-06 1.7581e-07 4.1567e-08 2.9894e-03 6.9339e-07 2.3782e+03
1.4627e-05 5.7310e-01 1.2687e-03 6.4345e-03 7.4373e-01 2.4030e-01 7.5796e-05 3.6534e-04 4.8378e-03 1.5096e-06 1.7588e-07 4.1560e-08 2.9880e-03 6.9293e-07 2.3782e+03
1.4797e-05 5.6654e-01 1.2689e-03 6.4361e-03 7.4373e-01 2.4030e-01 7.5819e-05 3.6547e-04 4.8386e-03 1.5100e-06 1.7595e-07 4.1552e-08 2.9866e-03 6.9247e-07 2.3782e+03
1.4968e-05 5.6005e-01 1.2690e-03 6.4377e-03 7.4373e-01 2.4029e-01 7.5843e-05 3.6560e-04 4.8394e-03 1.5103e-06 1.7602e-07 4.1544e-08 2.9852e-03 6.9201e-07 2.3782e+03
1.5142e-05 5.5364e-01 1.2692e-03 6.4394e-03 7.4373e-01 2.4029e-01 7.5866e-05 3.6573e-04 4.8402e-03 1.5106e-06 1.7609e-07 4.1536e-08 2.9838e-03 6.9154e-07 2.3782e+03
1.5317e-05 5.4730e-01 1.2693e-03 6.4410e-03 7.4373e-01 2.4029e-01 7.5890e-05 3.6587e-04 4.8410e-03 1.5110e-06 1.7617e-07 4.1528e-08 2.9823e-03 6.9107e-07 2.3781e+03
1.5495e-05 5.4103e-01 1.2695e-03 6.4427e-03 7.4373e-01 2.4029e-01 7.5915e-05 3.6600e-04 4.8418e-03 1.5113e-06 1.7624e-07 4.1520e-08 2.9808e-03 6.9059e-07 2.3781e+03
1.5675e-05 5.3483e-01 1.2696e-03 6.4444e-03 7.4373e-01 2.4029e-01 7.5939e-05 3.6614e-04 4.8426e-03 1.5117e-06 1.7631e-07 4.1512e-08 2.9793e-03 6.9011e-07 2.3781e+03
1.5856e-05 5.2871e-01 1.2698e-03 6.4461e-03 7.4373e-01 2.4028e-01 7.5964e-05 3.6628e-04 4.8435e-03 1.5120e-06 1.7639e-07 4.1504e-08 2.9778e-03 6.8962e-07 2.3781e+03
1.6040e-05 5.2265e-01 1.2700e-03 6.4478e-03 7.4373e-01 2.4028e-01 7.5989e-05 3.6642e-04 4.8443e-03 1.5124e-06 1.7647e-07 4.1495e-08 2.9763e-03 6.8913e-07 2.3781e+03
1.6226e-05 5.1667e-01 1.2701e-03 6.4495e-03 7.4373e-01 2.4028e-01 7.6014e-05 3.6657e-04 4.8452e-03 1.5128e-06 1.7654e-07 4.1487e-08 2.9748e-03 6.8863e-07 2.3780e+03
1.6414e-05 5.1075e-01 1.2703e-03 6.4513e-03 7.4374e-01 2.4028e-01 7.6040e-05 3.6671e-04 4.8460e-03 1.5131e-06 1.7662e-07 4.1478e-08 2.9732e-03 6.8813e-07 2.3780e+03
1.6604e-05 5.0490e-01 1.2704e-03 6.4531e-03 7.4374e-01 2.4028e-01 7.6066e-05 3.6686e-04 4.8469e-03 1.5135e-06 1.7670e-07 4.1470e-08 2.9717e-03 6.8762e-07 2.3780e+03
1.6797e-05 4.9912e-01 1.2706e-03 6.4549e-03 7.4374e-01 2.4027e-01 7.6092e-05 3.6700e-04 4.8478e-03 1.5139e-06 1.7678e-07 4.1461e-08 2.9701e-03 6.8711e-07 2.3780e+03
1.6991e-05 4.9340e-01 1.2708e-03 6.4567e-03 7.4374e-01 2.4027e-01 7.6119e-05 3.6715e-04 4.8487e-03 1.5142e-06 1.7686e-07 4.1452e-08 2.9685e-03 6.8659e-07 2.3780e+03
1.7188e-05 4.8775e-01 1.2709e-03 6.4585e-03 7.4374e-01 2.4027e-01 7.6145e-05 3.6730e-04 4.8496e-03 1.5146e-06 1.7694e-07 4.1443e-08 2.9669e-03 6.8607e-07 2.3779e+03
1.7388e-05 4.8217e-01 1.2711e-03 6.4604e-03 7.4374e-01 2.4027e-01 7.6173e-05 3.6746e-04 4.8505e-03 1.5150e-06 1.7702e-07 4.1434e-08 2.9652e-03 6.8554e-07 2.3779e+03
1.7589e-05 4.7665e-01 1.2713e-03 6.4622e-03 7.4374e-01 2.4027e-01 7.6200e-05 3.6761e-04 4.8514e-03 1.5154e-06 1.7711e-07 4.1425e-08 2.9636e-03 6.8501e-07 2.3779e+03
1.7793e-05 4.7119e-01 1.2715e-03 6.4641e-03 7.4374e-01 2.4026e-01 7.6228e-05 3.6777e-04 4.8523e-03 1.5158e-06 1.7719e-07 4.1416e-08 2.9619e-03 6.8447e-07 2.3779e+03
1.7999e-05 4.6579e-01 1.2716e-03 6.4661e-03 7.4374e-01 2.4026e-01 7.6256e-05 3.6792e-04 4.8532e-03 1.5162e-06 1.7728e-07 4.1407e-08 2.9602e-03 6.8392e-07 2.3778e+03
1.8208e-05 4.6046e-01 1.2718e-03 6.4680e-03 7.4374e-01 2.4026e-01 7.6284e-05 3.6808e-04 4.8542e-03 1.5166e-06 1.7736e-07 4.1397e-08 2.9585e-03 6.8337e-07 2.3778e+03
1.8419e-05 4.5519e-01 1.2720e-03 6.4700e-03 7.4374e-01 2.4026e-01 7.6313e-05 3.6825e-04 4.8551e-03 1.5170e-06 1.7745e-07 4.1388e-08 2.9568e-03 6.8281e-07 2.3778e+03
1.8632e-05 4.4997e-01 1.2722e-03 6.4719e-03 7.4374e-01 2.4025e-01 7.6342e-05 3.6841e-04 4.8561e-03 1.5174e-06 1.7754e-07 4.1378e-08 2.9550e-03 6.8225e-07 2.3778e+03
1.8848e-05 4.4482e-01 1.2723e-03 6.4740e-03 7.4374e-01 2.4025e-01 7.6371e-05 3.6857e-04 4.8571e-03 1.5178e-06 1.7763e-07 4.1368e-08 2.9533e-03 6.8168e-07 2.3778e+03
1.9067e-05 4.3973e-01 1.2725e-03 6.4760e-03 7.4375e-01 2.4025e-01 7.6401e-05 3.6874e-04 4.8581e-03 1.5183e-06 1.7772e-07 4.1359e-08 2.9515e-03 6.8111e-07 2.3777e+03
1.9288e-05 4.3469e-01 1.2727e-03 6.4780e-03 7.4375e-01 2.4025e-01 7.6431e-05 3.6891e-04 4.8591e-03 1.5187e-06 1.7781e-07 4.1349e-08 2.9497e-03 6.8053e-07 2.3777e+03
1.9511e-05 4.2972e-01 1.2729e-03 6.4801e-03 7.4375e-01 2.4024e-01 7.6461e-05 3.6908e-04 4.8601e-03 1.5191e-06 1.7790e-07 4.1339e-08 2.9479e-03 6.7994e-07 2.3777e+03
1.9738e-05 4.2479e-01 1.2731e-03 6.4822e-03 7.4375e-01 2.4024e-01 7.6492e-05 3.6925e-04 4.8611e-03 1.5196e-06 1.7799e-07 4.1328e-08 2.9461e-03 6.7935e-07 2.3777e+03
1.9966e-05 4.1993e-01 1.2733e-03 6.4843e-03 7.4375e-01 2.4024e-01 7.6523e-05 3.6943e-04 4.8622e-03 1.5200e-06 1.7809e-07 4.1318e-08 2.9442e-03 6.7875e-07 2.3776e+03
2.0198e-05 4.1512e-01 1.2735e-03 6.4864e-03 7.4375e-01 2.4024e-01 7.6555e-05 3.6960e-04 4.8632e-03 1.5204e-06 1.7818e-07 4.1308e-08 2.9423e-03 6.7815e-07 2.3776e+03
2.0432e-05 4.1037e-01 1.2737e-03 6.4886e-03 7.4375e-01 2.4023e-01 7.6586e-05 3.6978e-04 4.8643e-03 1.5209e-06 1.7828e-07 4.1297e-08 2.9405e-03 6.7754e-07 2.3776e+03
2.0669e-05 4.0567e-01 1.2739e-03 6.4908e-03 7.4375e-01 2.4023e-01 7.6618e-05 3.6996e-04 4.8653e-03 1.5213e-06 1.7838e-07 4.1287e-08 2.9385e-03 6.7692e-07 2.3776e+03
2.0908e-05 4.0103e-01 1.2741e-03 6.4930e-03 7.4375e-01 2.4023e-01 7.6651e-05 3.7014e-04 4.8664e-03 1.5218e-06 1.7848e-07 4.1276e-08 2.9366e-03 6.7630e-07 2.3775e+03
2.1151e-05 3.9643e-01 1.2743e-03 6.4952e-03 7.4375e-01 2.4023e-01 7.6684e-05 3.7033e-04 4.8675e-03 1.5223e-06 1.7858e-07 4.1265e-08 2.9347e-03 6.7567e-07 2.3775e+03
2.1396e-05 3.9189e-01 1.2745e-03 6.4975e-03 7.4375e-01 2.4022e-01 7.6717e-05 3.7051e-04 4.8686e-03 1.5227e-06 1.7868e-07 4.1254e-08 2.9327e-03 6.7504e-07 2.3775e+03
2.1644e-05 3.8741e-01 1.2747e-03 6.4998e-03 7.4376e-01 2.4022e-01 7.6751e-05 3.7070e-04 4.8697e-03 1.5232e-06 1.7878e-07 4.1243e-08 2.9307e-03 6.7440e-07 2.3775e+03
2.1895e-05 3.8297e-01 1.2749e-03 6.5021e-03 7.4376e-01 2.4022e-01 7.6785e-05 3.7089e-04 4.8708e-03 1.5237e-06 1.7888e-07 4.1232e-08 2.9287e-03 6.7375e-07 2.3774e+03
2.2149e-05 3.7859e-01 1.2752e-03 6.5044e-03 7.4376e-01 2.4021e-01 7.6819e-05 3.7109e-04 4.8720e-03 1.5242e-06 1.7899e-07 4.1220e-08 2.9267e-03 6.7310e-07 2.3774e+03
2.2405e-05 3.7425e-01 1.2754e-03 6.5068e-03 7.4376e-01 2.4021e-01 7.6854e-05 3.7128e-04 4.8731e-03 1.5247e-06 1.7909e-07 4.1209e-08 2.9246e-03 6.7244e-07 2.3774e+03
2.2665e-05 3.6997e-01 1.2756e-03 6.5092e-03 7.4376e-01 2.4021e-01 7.6889e-05 3.7148e-04 4.8743e-03 1.5252e-06 1.7920e-07 4.1197e-08 2.9226e-03 6.7177e-07 2.3774e+03
2.2928e-05 3.6573e-01 1.2758e-03 6.5116e-03 7.4376e-01 2.4021e-01 7.6924e-05 3.7168e-04 4.8755e-03 1.5257e-06 1.7931e-07 4.1186e-08 2.9205e-03 6.7110e-07 2.3773e+03
2.3193e-05 3.6154e-01 1.2760e-03 6.5140e-03 7.4376e-01 2.4020e-01 7.6960e-05 3.7188e-04 4.8767e-03 1.5262e-06 1.7942e-07 4.1174e-08 2.9184e-03 6.7042e-07 2.3773e+03
2.3462e-05 3.5740e-01 1.2763e-03 6.5165e-03 7.4376e-01 2.4020e-01 7.6997e-05 3.7208e-04 4.8779e-03 1.5267e-06 1.7953e-07 4.1162e-08 2.9162e-03 6.6973e-07 2.3773e+03
2.3734e-05 3.5331e-01 1.2765e-03 6.5189e-03 7.4376e-01 2.4020e-01 7.7033e-05 3.7229e-04 4.8791e-03 1.5272e-06 1.7964e-07 4.1150e-08 2.9141e-03 6.6904e-07 2.3772e+03
2.4009e-05 3.4927e-01 1.2767e-03 6.5215e-03 7.4376e-01 2.4019e-01 7.7070e-05 3.7250e-04 4.8803e-03 1.5277e-06 1.7975e-07 4.1137e-08 2.9119e-03 6.6834e-07 2.3772e+03
2.4288e-05 3.4527e-01 1.2770e-03 6.5240e-03 7.4377e-01 2.4019e-01 7.7108e-05 3.7271e-04 4.8815e-03 1.5283e-06 1.7987e-07 4.1125e-08 2.9097e-03 6.6763e-07 2.3772e+03
2.4569e-05 3.4132e-01 1.2772e-03 6.5266e-03 7.4377e-01 2.4019e-01 7.7146e-05 3.7292e-04 4.8828e-03 1.5288e-06 1.7998e-07 4.1113e-08 2.9075e-03 6.6691e-07 2.3772e+03
2.4854e-05 3.3741e-01 1.2774e-03 6.5292e-03 7.4377e-01 2.4018e-01 7.7184e-05 3.7314e-04 4.8841e-03 1.5293e-06 1.8010e-07 4.1100e-08 2.9052e-03 6.6619e-07 2.3771e+03
2.5142e-05 3.3355e-01 1.2777e-03 6.5318e-03 7.4377e-01 2.4018e-01 7.7223e-05 3.7336e-04 4.8853e-03 1.5299e-06 1.8022e-07 4.1087e-08 2.9030e-03 6.6547e-07 2.3771e+03
2.5433e-05 3.2973e-01 1.2779e-03 6.5344e-03 7.4377e-01 2.4018e-01 7.7263e-05 3.7358e-04 4.8866e-03 1.5304e-06 1.8034e-07 4.1074e-08 2.9007e-03 6.6473e-07 2.3771e+03
2.5728e-05 3.2595e-01 1.2782e-03 6.5371e-03 7.4377e-01 2.4017e-01 7.7302e-05 3.7380e-04 4.8879e-03 1.5310e-06 1.8046e-07 4.1061e-08 2.8984e-03 6.6399e-07 2.3770e+03
2.6026e-05 3.2222e-01 1.2784e-03 6.5398e-03 7.4377e-01 2.4017e-01 7.7343e-05 3.7402e-04 4.8893e-03 1.5315e-06 1.8058e-07 4.1048e-08 2.8961e-03 6.6324e-07 2.3770e+03
2.6328e-05 3.1853e-01 1.2787e-03 6.5426e-03 7.4377e-01 2.4017e-01 7.7383e-05 3.7425e-04 4.8906e-03 1.5321e-06 1.8070e-07 4.1035e-08 2.8937e-03 6.6248e-07 2.3770e+03
2.6633e-05 3.1489e-01 1.2789e-03 6.5453e-03 7.4377e-01 2.4016e-01 7.7424e-05 3.7448e-04 4.8920e-03 1.5327e-06 1.8083e-07 4.1021e-08 2.8913e-03 6.6172e-07 2.3769e+03
2.6942e-05 3.1128e-01 1.2792e-03 6.5481e-03 7.4377e-01 2.4016e-01 7.7466e-05 3.7471e-04 4.8933e-03 1.5333e-06 1.8096e-07 4.1008e-08 2.8889e-03 6.6095e-07 2.3769e+03
2.7254e-05 3.0772e-01 1.2795e-03 6.5509e-03 7.4378e-01 2.4016e-01 7.7508e-05 3.7495e-04 4.8947e-03 1.5339e-06 1.8108e-07 4.0994e-08 2.8865e-03 6.6017e-07 2.3769e+03
2.7570e-05 3.0420e-01 1.2797e-03 6.5538e-03 7.4378e-01 2.4015e-01 7.7550e-05 3.7519e-04 4.8961e-03 1.5345e-06 1.8121e-07 4.0980e-08 2.8840e-03 6.5938e-07 2.3768e+03
2.7890e-05 3.0071e-01 1.2800e-03 6.5567e-03 7.4378e-01 2.4015e-01 7.7593e-05 3.7543e-04 4.8975e-03 1.5351e-06 1.8134e-07 4.0966e-08 2.8816e-03 6.5859e-07 2.3768e+03
2.8213e-05 2.9727e-01 1.2803e-03 6.5596e-03 7.4378e-01 2.4015e-01 7.7637e-05 3.7567e-04 4.8989e-03 1.5357e-06 1.8148e-07 4.0952e-08 2.8791e-03 6.5779e-07 2.3768e+03
2.8540e-05 2.9387e-01 1.2805e-03 6.5625e-03 7.4378e-01 2.4014e-01 7.7681e-05 3.7592e-04 4.9004e-03 1.5363e-06 1.8161e-07 4.0937e-08 2.8766e-03 6.5698e-07 2.3767e+03
2.8871e-05 2.9050e-01 1.2808e-03 6.5655e-03 7.4378e-01 2.4014e-01 7.7725e-05 3.7617e-04 4.9018e-03 1.5369e-06 1.8175e-07 4.0923e-08 2.8740e-03 6.5616e-07 2.3767e+03
2.9206e-05 2.8718e-01 1.2811e-03 6.5685e-03 7.4378e-01 2.4014e-01 7.7770e-05 3.7642e-04 4.9033e-03 1.5375e-06 1.8188e-07 4.0908e-08 2.8714e-03 6.5534e-07 2.3767e+03
2.9544e-05 2.8389e-01 1.2814e-03 6.5716e-03 7.4378e-01 2.4013e-01 7.7815e-05 3.7667e-04 4.9048e-03 1.5382e-06 1.8202e-07 4.0893e-08 2.8688e-03 6.5450e-07 2.3766e+03
2.9887e-05 2.8064e-01 1.2817e-03 6.5746e-03 7.4379e-01 2.4013e-01 7.7861e-05 3.7693e-04 4.9063e-03 1.5388e-06 1.8216e-07 4.0878e-08 2.8662e-03 6.5366e-07 2.3766e+03
3.0233e-05 2.7743e-01 1.2820e-03 6.5777e-03 7.4379e-01 2.4012e-01 7.7908e-05 3.7719e-04 4.9078e-03 1.5395e-06 1.8230e-07 4.0863e-08 2.8636e-03 6.5282e-07 2.3766e+03
3.0583e-05 2.7425e-01 1.2822e-03 6.5809e-03 7.4379e-01 2.4012e-01 7.7955e-05 3.7745e-04 4.9093e-03 1.5401e-06 1.8244e-07 4.0848e-08 2.8609e-03 6.5196e-07 2.3765e+03
3.0938e-05 2.7111e-01 1.2825e-03 6.5841e-03 7.4379e-01 2.4012e-01 7.8002e-05 3.7772e-04 4.9109e-03 1.5408e-06 1.8259e-07 4.0832e-08 2.8582e-03 6.5110e-07 2.3765e+03
3.1296e-05 2.6801e-01 1.2828e-03 6.5873e-03 7.4379e-01 2.4011e-01 7.8050e-05 3.7799e-04 4.9124e-03 1.5414e-06 1.8274e-07 4.0817e-08 2.8555e-03 6.5022e-07 2.3764e+03
3.1659e-05 2.6494e-01 1.2831e-03 6.5905e-03 7.4379e-01 2.4011e-01 7.8099e-05 3.7826e-04 4.9140e-03 1.5421e-06 1.8288e-07 4.0801e-08 2.8527e-03 6.4934e-07 2.3764e+03
3.2026e-05 2.6191e-01 1.2835e-03 6.5938e-03 7.4379e-01 2.4011e-01 7.8148e-05 3.7853e-04 4.9156e-03 1.5428e-06 1.8303e-07 4.0785e-08 2.8499e-03 6.4846e-07 2.3764e+03
3.2397e-05 2.5891e-01 1.2838e-03 6.5971e-03 7.4379e-01 2.4010e-01 7.8197e-05 3.7881e-04 4.9172e-03 1.5435e-06 1.8318e-07 4.0769e-08 2.8471e-03 6.4756e-07 2.3763e+03
3.2773e-05 2.5595e-01 1.2841e-03 6.6004e-03 7.4380e-01 2.4010e-01 7.8247e-05 3.7909e-04 4.9189e-03 1.5442e-06 1.8334e-07 4.0753e-08 2.8443e-03 6.4665e-07 2.3763e+03
3.3153e-05 2.5302e-01 1.2844e-03 6.6038e-03 7.4380e-01 2.4009e-01 7.8298e-05 3.7937e-04 4.9205e-03 1.5449e-06 1.8349e-07 4.0736e-08 2.8415e-03 6.4574e-07 2.3763e+03
3.3537e-05 2.5012e-01 1.2847e-03 6.6072e-03 7.4380e-01 2.4009e-01 7.8349e-05 3.7966e-04 4.9222e-03 1.5456e-06 1.8365e-07 4.0719e-08 2.8386e-03 6.4482e-07 2.3762e+03
3.3926e-05 2.4726e-01 1.2850e-03 6.6107e-03 7.4380e-01 2.4008e-01 7.8401e-05 3.7995e-04 4.9239e-03 1.5463e-06 1.8381e-07 4.0703e-08 2.8357e-03 6.4389e-07 2.3762e+03
3.4319e-05 2.4443e-01 1.2854e-03 6.6141e-03 7.4380e-01 2.4008e-01 7.8454e-05 3.8024e-04 4.9256e-03 1.5470e-06 1.8397e-07 4.0686e-08 2.8327e-03 6.4295e-07 2.3761e+03
3.4717e-05 2.4163e-01 1.2857e-03 6.6177e-03 7.4380e-01 2.4008e-01 7.8507e-05 3.8054e-04 4.9273e-03 1.5478e-06 1.8413e-07 4.0668e-08 2.8298e-03 6.4200e-07 2.3761e+03
3.5119e-05 2.3887e-01 1.2860e-03 6.6212e-03 7.4380e-01 2.4007e-01 7.8560e-05 3.8084e-04 4.9290e-03 1.5485e-06 1.8429e-07 4.0651e-08 2.8268e-03 6.4105e-07 2.3760e+03
3.5526e-05 2.3614e-01 1.2864e-03 6.6248e-03 7.4381e-01 2.4007e-01 7.8615e-05 3.8114e-04 4.9308e-03 1.5493e-06 1.8446e-07 4.0633e-08 2.8237e-03 6.4008e-07 2.3760e+03
3.5938e-05 2.3343e-01 1.2867e-03 6.6284e-03 7.4381e-01 2.4006e-01 7.8669e-05 3.8145e-04 4.9326e-03 1.5500e-06 1.8462e-07 4.0616e-08 2.8207e-03 6.3911e-07 2.3760e+03
3.6355e-05 2.3076e-01 1.2871e-03 6.6321e-03 7.4381e-01 2.4006e-01 7.8725e-05 3.8176e-04 4.9344e-03 1.5508e-06 1.8479e-07 4.0598e-08 2.8176e-03 6.3813e-07 2.3759e+03
3.6776e-05 2.2812e-01 1.2874e-03 6.6358e-03 7.4381e-01 2.4005e-01 7.8781e-05 3.8207e-04 4.9362e-03 1.5516e-06 1.8496e-07 4.0580e-08 2.8145e-03 6.3714e-07 2.3759e+03
3.7202e-05 2.2551e-01 1.2878e-03 6.6396e-03 7.4381e-01 2.4005e-01 7.8837e-05 3.8239e-04 4.9380e-03 1.5523e-06 1.8514e-07 4.0561e-08 2.8114e-03 6.3614e-07 2.3758e+03
3.7634e-05 2.2293e-01 1.2881e-03 6.6433e-03 7.4381e-01 2.4004e-01 7.8895e-05 3.8271e-04 4.9399e-03 1.5531e-06 1.8531e-07 4.0543e-08 2.8082e-03 6.3513e-07 2.3758e+03
3.8070e-05 2.2038e-01 1.2885e-03 6.6472e-03 7.4381e-01 2.4004e-01 7.8953e-05 3.8303e-04 4.9417e-03 1.5539e-06 1.8549e-07 4.0524e-08 2.8050e-03 6.3411e-07 2.3757e+03
3.8511e-05 2.1786e-01 1.2888e-03 6.6510e-03 7.4382e-01 2.4003e-01 7.9011e-05 3.8336e-04 4.9436e-03 1.5547e-06 1.8567e-07 4.0505e-08 2.8018e-03 6.3309e-07 2.3757e+03
3.8957e-05 2.1536e-01 1.2892e-03 6.6549e-03 7.4382e-01 2.4003e-01 7.9070e-05 3.8369e-04 4.9455e-03 1.5555e-06 1.8585e-07 4.0486e-08 2.7985e-03 6.3205e-07 2.3756e+03
3.9409e-05 2.1290e-01 1.2896e-03 6.6589e-03 7.4382e-01 2.4002e-01 7.9130e-05 3.8402e-04 4.9475e-03 1.5564e-06 1.8603e-07 4.0467e-08 2.7952e-03 6.3101e-07 2.3756e+03
3.9866e-05 2.1046e-01 1.2900e-03 6.6628e-03 7.4382e-01 2.4002e-01 7.9191e-05 3.8436e-04 4.9494e-03 1.5572e-06 1.8621e-07 4.0448e-08 2.7919e-03 6.2995e-07 2.3756e+03
4.0328e-05 2.0805e-01 1.2903e-03 6.6669e-03 7.4382e-01 2.4001e-01 7.9252e-05 3.8470e-04 4.9514e-03 1.5580e-06 1.8640e-07 4.0428e-08 2.7886e-03 6.2889e-07 2.3755e+03
4.0795e-05 2.0567e-01 1.2907e-03 6.6709e-03 7.4382e-01 2.4001e-01 7.9314e-05 3.8504e-04 4.9534e-03 1.5589e-06 1.8659e-07 4.0408e-08 2.7852e-03 6.2782e-07 2.3755e+03
4.1268e-05 2.0332e-01 1.2911e-03 6.6750e-03 7.4382e-01 2.4000e-01 7.9376e-05 3.8539e-04 4.9554e-03 1.5597e-06 1.8678e-07 4.0388e-08 2.7818e-03 6.2674e-07 2.3754e+03
4.1747e-05 2.0099e-01 1.2915e-03 6.6792e-03 7.4383e-01 2.4000e-01 7.9440e-05 3.8575e-04 4.9574e-03 1.5606e-06 1.8697e-07 4.0368e-08 2.7784e-03 6.2564e-07 2.3754e+03
4.2230e-05 1.9869e-01 1.2919e-03 6.6834e-03 7.4383e-01 2.3999e-01 7.9503e-05 3.8610e-04 4.9594e-03 1.5615e-06 1.8717e-07 4.0347e-08 2.7749e-03 6.2454e-07 2.3753e+03
4.2720e-05 1.9642e-01 1.2923e-03 6.6876e-03 7.4383e-01 2.3999e-01 7.9568e-05 3.8646e-04 4.9615e-03 1.5624e-06 1.8737e-07 4.0326e-08 2.7714e-03 6.2343e-07 2.3753e+03
4.3215e-05 1.9417e-01 1.2927e-03 6.6919e-03 7.4383e-01 2.3998e-01 7.9633e-05 3.8683e-04 4.9636e-03 1.5633e-06 1.8757e-07 4.0306e-08 2.7679e-03 6.2232e-07 2.3752e+03
4.3716e-05 1.9195e-01 1.2931e-03 6.6962e-03 7.4383e-01 2.3998e-01 7.9700e-05 3.8720e-04 4.9657e-03 1.5642e-06 1.8777e-07 4.0284e-08 2.7643e-03 6.2119e-07 2.3752e+03
4.4223e-05 1.8976e-01 1.2935e-03 6.7006e-03 7.4383e-01 2.3997e-01 7.9766e-05 3.8757e-04 4.9679e-03 1.5651e-06 1.8797e-07 4.0263e-08 2.7607e-03 6.2005e-07 2.3751e+03
4.4735e-05 1.8758e-01 1.2939e-03 6.7050e-03 7.4384e-01 2.3997e-01 7.9834e-05 3.8794e-04 4.9700e-03 1.5660e-06 1.8818e-07 4.0242e-08 2.7571e-03 6.1890e-07 2.3751e+03
4.5254e-05 1.8544e-01 1.2944e-03 6.7094e-03 7.4384e-01 2.3996e-01 7.9902e-05 3.8832e-04 4.9722e-03 1.5669e-06 1.8839e-07 4.0220e-08 2.7534e-03 6.1774e-07 2.3750e+03
4.5778e-05 1.8332e-01 1.2948e-03 6.7139e-03 7.4384e-01 2.3996e-01 7.9971e-05 3.8871e-04 4.9744e-03 1.5679e-06 1.8860e-07 4.0198e-08 2.7498e-03 6.1657e-07 2.3749e+03
4.6309e-05 1.8122e-01 1.2952e-03 6.7184e-03 7.4384e-01 2.3995e-01 8.0041e-05 3.8910e-04 4.9766e-03 1.5688e-06 1.8881e-07 4.0176e-08 2.7460e-03 6.1540e-07 2.3749e+03
4.6846e-05 1.7915e-01 1.2957e-03 6.7230e-03 7.4384e-01 2.3994e-01 8.0111e-05 3.8949e-04 4.9789e-03 1.5698e-06 1.8903e-07 4.0153e-08 2.7423e-03 6.1421e-07 2.3748e+03
4.7389e-05 1.7710e-01 1.2961e-03 6.7277e-03 7.4385e-01 2.3994e-01 8.0183e-05 3.8989e-04 4.9811e-03 1.5707e-06 1.8924e-07 4.0130e-08 2.7385e-03 6.1301e-07 2.3748e+03
4.7938e-05 1.7507e-01 1.2966e-03 6.7323e-03 7.4385e-01 2.3993e-01 8.0255e-05 3.9029e-04 4.9834e-03 1.5717e-06 1.8946e-07 4.0107e-08 2.7347e-03 6.1180e-07 2.3747e+03
4.8494e-05 1.7307e-01 1.2970e-03 6.7371e-03 7.4385e-01 2.3993e-01 8.0328e-05 3.9069e-04 4.9857e-03 1.5727e-06 1.8969e-07 4.0084e-08 2.7308e-03 6.1059e-07 2.3747e+03
4.9056e-05 1.7109e-01 1.2975e-03 6.7418e-03 7.4385e-01 2.3992e-01 8.0401e-05 3.9110e-04 4.9881e-03 1.5737e-06 1.8991e-07 4.0061e-08 2.7269e-03 6.0936e-07 2.3746e+03
4.9624e-05 1.6913e-01 1.2979e-03 6.7467e-03 7.4385e-01 2.3992e-01 8.0476e-05 3.9152e-04 4.9904e-03 1.5747e-06 1.9014e-07 4.0037e-08 2.7230e-03 6.0812e-07 2.3746e+03
5.0200e-05 1.6720e-01 1.2984e-03 6.7515e-03 7.4385e-01 2.3991e-01 8.0551e-05 3.9194e-04 4.9928e-03 1.5757e-06 1.9037e-07 4.0014e-08 2.7191e-03 6.0688e-07 2.3745e+03
5.0782e-05 1.6528e-01 1.2989e-03 6.7564e-03 7.4386e-01 2.3990e-01 8.0627e-05 3.9236e-04 4.9952e-03 1.5767e-06 1.9060e-07 3.9989e-08 2.7151e-03 6.0562e-07 2.3744e+03
5.1370e-05 1.6339e-01 1.2993e-03 6.7614e-03 7.4386e-01 2.3990e-01 8.0704e-05 3.9279e-04 4.9976e-03 1.5778e-06 1.9084e-07 3.9965e-08 2.7111e-03 6.0435e-07 2.3744e+03
5.1966e-05 1.6152e-01 1.2998e-03 6.7664e-03 7.4386e-01 2.3989e-01 8.0782e-05 3.9322e-04 5.0001e-03 1.5788e-06 1.9108e-07 3.9941e-08 2.7070e-03 6.0307e-07 2.3743e+03
5.2568e-05 1.5968e-01 1.3003e-03 6.7715e-03 7.4386e-01 2.3988e-01 8.0861e-05 3.9366e-04 5.0026e-03 1.5799e-06 1.9132e-07 3.9916e-08 2.7029e-03 6.0179e-07 2.3742e+03
5.3177e-05 1.5785e-01 1.3008e-03 6.7766e-03 7.4386e-01 2.3988e-01 8.0940e-05 3.9410e-04 5.0051e-03 1.5810e-06 1.9156e-07 3.9891e-08 2.6988e-03 6.0049e-07 2.3742e+03
5.3794e-05 1.5605e-01 1.3013e-03 6.7818e-03 7.4387e-01 2.3987e-01 8.1021e-05 3.9454e-04 5.0076e-03 1.5820e-06 1.9181e-07 3.9865e-08 2.6946e-03 5.9918e-07 2.3741e+03
5.4417e-05 1.5426e-01 1.3018e-03 6.7870e-03 7.4387e-01 2.3986e-01 8.1102e-05 3.9499e-04 5.0102e-03 1.5831e-06 1.9205e-07 3.9840e-08 2.6904e-03 5.9786e-07 2.3741e+03
5.5048e-05 1.5250e-01 1.3023e-03 6.7923e-03 7.4387e-01 2.3986e-01 8.1184e-05 3.9545e-04 5.0127e-03 1.5842e-06 1.9231e-07 3.9814e-08 2.6862e-03 5.9653e-07 2.3740e+03
5.5686e-05 1.5075e-01 1.3028e-03 6.7976e-03 7.4387e-01 2.3985e-01 8.1267e-05 3.9591e-04 5.0153e-03 1.5853e-06 1.9256e-07 3.9788e-08 2.6820e-03 5.9519e-07 2.3739e+03
5.6331e-05 1.4903e-01 1.3033e-03 6.8030e-03 7.4387e-01 2.3984e-01 8.1351e-05 3.9638e-04 5.0180e-03 1.5865e-06 1.9282e-07 3.9762e-08 2.6777e-03 5.9384e-07 2.3739e+03
5.6984e-05 1.4732e-01 1.3039e-03 6.8084e-03 7.4388e-01 2.3984e-01 8.1436e-05 3.9685e-04 5.0206e-03 1.5876e-06 1.9308e-07 3.9735e-08 2.6733e-03 5.9248e-07 2.3738e+03
5.7645e-05 1.4564e-01 1.3044e-03 6.8139e-03 7.4388e-01 2.3983e-01 8.1522e-05 3.9732e-04 5.0233e-03 1.5888e-06 1.9334e-07 3.9708e-08 2.6689e-03 5.9111e-07 2.3737e+03
5.8313e-05 1.4397e-01 1.3049e-03 6.8194e-03 7.4388e-01 2.3982e-01 8.1608e-05 3.9780e-04 5.0260e-03 1.5899e-06 1.9360e-07 3.9681e-08 2.6645e-03 5.8973e-07 2.3737e+03
5.8989e-05 1.4233e-01 1.3055e-03 6.8250e-03 7.4388e-01 2.3982e-01 8.1696e-05 3.9829e-04 5.0288e-03 1.5911e-06 1.9387e-07 3.9654e-08 2.6601e-03 5.8834e-07 2.3736e+03
5.9673e-05 1.4070e-01 1.3060e-03 6.8306e-03 7.4388e-01 2.3981e-01 8.1784e-05 3.9878e-04 5.0315e-03 1.5923e-06 1.9414e-07 3.9626e-08 2.6556e-03 5.8693e-07 2.3735e+03
6.0364e-05 1.3909e-01 1.3066e-03 6.8363e-03 7.4389e-01 2.3980e-01 8.1874e-05 3.9928e-04 5.0343e-03 1.5935e-06 1.9442e-07 3.9598e-08 2.6511e-03 5.8552e-07 2.3735e+03
6.1064e-05 1.3750e-01 1.3071e-03 6.8421e-03 7.4389e-01 2.3979e-01 8.1964e-05 3.9978e-04 5.0371e-03 1.5947e-06 1.9470e-07 3.9570e-08 2.6466e-03 5.8410e-07 2.3734e+03
6.1772e-05 1.3593e-01 1.3077e-03 6.8479e-03 7.4389e-01 2.3979e-01 8.2056e-05 4.0029e-04 5.0400e-03 1.5959e-06 1.9498e-07 3.9542e-08 2.6420e-03 5.8266e-07 2.3733e+03
6.2488e-05 1.3437e-01 1.3083e-03 6.8537e-03 7.4389e-01 2.3978e-01 8.2148e-05 4.0080e-04 5.0428e-03 1.5971e-06 1.9526e-07 3.9513e-08 2.6374e-03 5.8122e-07 2.3732e+03
6.3212e-05 1.3284e-01 1.3088e-03 6.8597e-03 7.4389e-01 2.3977e-01 8.2242e-05 4.0132e-04 5.0457e-03 1.5983e-06 1.9555e-07 3.9484e-08 2.6327e-03 5.7976e-07 2.3732e+03
6.3945e-05 1.3132e-01 1.3094e-03 6.8656e-03 7.4390e-01 2.3977e-01 8.2336e-05 4.0184e-04 5.0487e-03 1.5996e-06 1.9584e-07 3.9454e-08 2.6280e-03 5.7829e-07 2.3731e+03
6.4686e-05 1.2982e-01 1.3100e-03 6.8717e-03 7.4390e-01 2.3976e-01 8.2432e-05 4.0237e-04 5.0516e-03 1.6009e-06 1.9613e-07 3.9425e-08 2.6233e-03 5.7682e-07 2.3730e+03
6.5436e-05 1.2833e-01 1.3106e-03 6.8778e-03 7.4390e-01 2.3975e-01 8.2528e-05 4.0290e-04 5.0546e-03 1.6021e-06 1.9643e-07 3.9395e-08 2.6185e-03 5.7533e-07 2.3729e+03
6.6194e-05 1.2686e-01 1.3112e-03 6.8839e-03 7.4390e-01 2.3974e-01 8.2626e-05 4.0344e-04 5.0576e-03 1.6034e-06 1.9673e-07 3.9365e-08 2.6137e-03 5.7383e-07 2.3729e+03
6.6962e-05 1.2541e-01 1.3118e-03 6.8901e-03 7.4391e-01 2.3973e-01 8.2725e-05 4.0399e-04 5.0607e-03 1.6047e-06 1.9703e-07 3.9334e-08 2.6088e-03 5.7232e-07 2.3728e+03
6.7738e-05 1.2398e-01 1.3124e-03 6.8964e-03 7.4391e-01 2.3973e-01 8.2824e-05 4.0454e-04 5.0637e-03 1.6060e-06 1.9733e-07 3.9304e-08 2.6040e-03 5.7080e-07 2.3727e+03
6.8523e-05 1.2256e-01 1.3131e-03 6.9027e-03 7.4391e-01 2.3972e-01 8.2925e-05 4.0510e-04 5.0668e-03 1.6074e-06 1.9764e-07 3.9273e-08 2.5990e-03 5.6927e-07 2.3726e+03
6.9317e-05 1.2116e-01 1.3137e-03 6.9091e-03 7.4391e-01 2.3971e-01 8.3027e-05 4.0566e-04 5.0700e-03 1.6087e-06 1.9796e-07 3.9241e-08 2.5941e-03 5.6772e-07 2.3726e+03
7.0121e-05 1.1978e-01 1.3143e-03 6.9156e-03 7.4391e-01 2.3970e-01 8.3130e-05 4.0623e-04 5.0731e-03 1.6101e-06 1.9827e-07 3.9210e-08 2.5891e-03 5.6617e-07 2.3725e+03
7.0933e-05 1.1841e-01 1.3150e-03 6.9221e-03 7.4392e-01 2.3969e-01 8.3234e-05 4.0680e-04 5.0763e-03 1.6114e-06 1.9859e-07 3.9178e-08 2.5841e-03 5.6461e-07 2.3724e+03
7.1756e-05 1.1705e-01 1.3156e-03 6.9286e-03 7.4392e-01 2.3968e-01 8.3339e-05 4.0739e-04 5.0795e-03 1.6128e-06 1.9891e-07 3.9146e-08 2.5790e-03 5.6303e-07 2.3723e+03
7.2587e-05 1.1572e-01 1.3163e-03 6.9353e-03 7.4392e-01 2.3968e-01 8.3445e-05 4.0797e-04 5.0828e-03 1.6142e-06 1.9924e-07 3.9113e-08 2.5739e-03 5.6145e-07 2.3722e+03
7.3429e-05 1.1439e-01 1.3169e-03 6.9420e-03 7.4392e-01 2.3967e-01 8.3553e-05 4.0857e-04 5.0861e-03 1.6156e-06 1.9957e-07 3.9080e-08 2.5687e-03 5.5985e-07 2.3722e+03
7.4280e-05 1.1309e-01 1.3176e-03 6.9487e-03 7.4393e-01 2.3966e-01 8.3661e-05 4.0916e-04 5.0894e-03 1.6170e-06 1.9991e-07 3.9047e-08 2.5635e-03 5.5824e-07 2.3721e+03
7.5141e-05 1.1179e-01 1.3183e-03 6.9556e-03 7.4393e-01 2.3965e-01 8.3771e-05 4.0977e-04 5.0927e-03 1.6184e-06 2.0024e-07 3.9014e-08 2.5583e-03 5.5663e-07 2.3720e+03
7.6012e-05 1.1051e-01 1.3189e-03 6.9624e-03 7.4393e-01 2.3964e-01 8.3882e-05 4.1038e-04 5.0961e-03 1.6199e-06 2.0058e-07 3.8980e-08 2.5531e-03 5.5500e-07 2.3719e+03
7.6893e-05 1.0925e-01 1.3196e-03 6.9694e-03 7.4393e-01 2.3963e-01 8.3994e-05 4.1100e-04 5.0995e-03 1.6213e-06 2.0093e-07 3.8946e-08 2.5478e-03 5.5336e-07 2.3718e+03
7.7784e-05 1.0800e-01 1.3203e-03 6.9764e-03 7.4394e-01 2.3962e-01 8.4107e-05 4.1163e-04 5.1030e-03 1.6228e-06 2.0128e-07 3.8912e-08 2.5424e-03 5.5171e-07 2.3717e+03
7.8686e-05 1.0677e-01 1.3210e-03 6.9835e-03 7.4394e-01 2.3961e-01 8.4222e-05 4.1226e-04 5.1064e-03 1.6243e-06 2.0163e-07 3.8877e-08 2.5370e-03 5.5005e-07 2.3716e+03
7.9598e-05 1.0555e-01 1.3217e-03 6.9906e-03 7.4394e-01 2.3960e-01 8.4338e-05 4.1289e-04 5.1099e-03 1.6258e-06 2.0198e-07 3.8842e-08 2.5316e-03 5.4837e-07 2.3715e+03
8.0520e-05 1.0434e-01 1.3224e-03 6.9978e-03 7.4394e-01 2.3960e-01 8.4455e-05 4.1354e-04 5.1135e-03 1.6273e-06 2.0234e-07 3.8807e-08 2.5262e-03 5.4669e-07 2.3715e+03
8.1454e-05 1.0315e-01 1.3232e-03 7.0051e-03 7.4395e-01 2.3959e-01 8.4573e-05 4.1419e-04 5.1170e-03 1.6289e-06 2.0271e-07 3.8771e-08 2.5207e-03 5.4500e-07 2.3714e+03
8.2398e-05 1.0197e-01 1.3239e-03 7.0125e-03 7.4395e-01 2.3958e-01 8.4692e-05 4.1485e-04 5.1206e-03 1.6304e-06 2.0308e-07 3.8735e-08 2.5151e-03 5.4329e-07 2.3713e+03
8.3353e-05 1.0081e-01 1.3246e-03 7.0199e-03 7.4395e-01 2.3957e-01 8.4813e-05 4.1551e-04 5.1243e-03 1.6320e-06 2.0345e-07 3.8699e-08 2.5096e-03 5.4158e-07 2.3712e+03
8.4319e-05 9.9654e-02 1.3254e-03 7.0274e-03 7.4395e-01 2.3956e-01 8.4935e-05 4.1618e-04 5.1279e-03 1.6335e-06 2.0382e-07 3.8662e-08 2.5040e-03 5.3985e-07 2.3711e+03
8.5296e-05 9.8515e-02 1.3261e-03 7.0349e-03 7.4396e-01 2.3955e-01 8.5058e-05 4.1686e-04 5.1317e-03 1.6351e-06 2.0420e-07 3.8625e-08 2.4983e-03 5.3811e-07 2.3710e+03
8.6285e-05 9.7389e-02 1.3269e-03 7.0425e-03 7.4396e-01 2.3954e-01 8.5183e-05 4.1755e-04 5.1354e-03 1.6367e-06 2.0459e-07 3.8588e-08 2.4926e-03 5.3637e-07 2.3709e+03
8.7285e-05 9.6277e-02 1.3277e-03 7.0502e-03 7.4396e-01 2.3953e-01 8.5309e-05 4.1824e-04 5.1392e-03 1.6383e-06 2.0498e-07 3.8550e-08 2.4869e-03 5.3461e-07 2.3708e+03
8.8297e-05 9.5177e-02 1.3284e-03 7.0580e-03 7.4397e-01 2.3952e-01 8.5436e-05 4.1894e-04 5.1430e-03 1.6400e-06 2.0537e-07 3.8513e-08 2.4811e-03 5.3284e-07 2.3707e+03
8.9320e-05 9.4089e-02 1.3292e-03 7.0658e-03 7.4397e-01 2.3951e-01 8.5565e-05 4.1965e-04 5.1468e-03 1.6416e-06 2.0576e-07 3.8474e-08 2.4753e-03 5.3106e-07 2.3706e+03
9.0356e-05 9.3014e-02 1.3300e-03 7.0737e-03 7.4397e-01 2.3950e-01 8.5695e-05 4.2036e-04 5.1507e-03 1.6433e-06 2.0617e-07 3.8436e-08 2.4695e-03 5.2927e-07 2.3705e+03
9.1403e-05 9.1951e-02 1.3308e-03 7.0817e-03 7.4397e-01 2.3949e-01 8.5826e-05 4.2108e-04 5.1546e-03 1.6450e-06 2.0657e-07 3.8397e-08 2.4636e-03 5.2747e-07 2.3704e+03
9.2463e-05 9.0901e-02 1.3316e-03 7.0897e-03 7.4398e-01 2.3948e-01 8.5959e-05 4.2181e-04 5.1585e-03 1.6467e-06 2.0698e-07 3.8357e-08 2.4577e-03 5.2566e-07 2.3703e+03
9.3534e-05 8.9862e-02 1.3325e-03 7.0979e-03 7.4398e-01 2.3947e-01 8.6093e-05 4.2255e-04 5.1625e-03 1.6484e-06 2.0739e-07 3.8318e-08 2.4517e-03 5.2384e-07 2.3702e+03
9.4618e-05 8.8836e-02 1.3333e-03 7.1060e-03 7.4398e-01 2.3945e-01 8.6228e-05 4.2329e-04 5.1665e-03 1.6501e-06 2.0781e-07 3.8278e-08 2.4457e-03 5.2200e-07 2.3701e+03
9.5715e-05 8.7821e-02 1.3341e-03 7.1143e-03 7.4398e-01 2.3944e-01 8.6365e-05 4.2405e-04 5.1706e-03 1.6518e-06 2.0824e-07 3.8237e-08 2.4397e-03 5.2016e-07 2.3700e+03
9.6825e-05 8.6818e-02 1.3350e-03 7.1226e-03 7.4399e-01 2.3943e-01 8.6504e-05 4.2480e-04 5.1747e-03 1.6536e-06 2.0866e-07 3.8197e-08 2.4336e-03 5.1831e-07 2.3699e+03
9.7947e-05 8.5826e-02 1.3358e-03 7.1311e-03 7.4399e-01 2.3942e-01 8.6644e-05 4.2557e-04 5.1788e-03 1.6554e-06 2.0909e-07 3.8155e-08 2.4275e-03 5.1644e-07 2.3698e+03
9.9082e-05 8.4846e-02 1.3367e-03 7.1395e-03 7.4399e-01 2.3941e-01 8.6785e-05 4.2635e-04 5.1830e-03 1.6571e-06 2.0953e-07 3.8114e-08 2.4213e-03 5.1457e-07 2.3696e+03
1.0023e-04 8.3877e-02 1.3375e-03 7.1481e-03 7.4400e-01 2.3940e-01 8.6928e-05 4.2713e-04 5.1872e-03 1.6590e-06 2.0997e-07 3.8072e-08 2.4151e-03 5.1269e-07 2.3695e+03
1.0139e-04 8.2919e-02 1.3384e-03 7.1567e-03 7.4400e-01 2.3939e-01 8.7072e-05 4.2792e-04 5.1914e-03 1.6608e-06 2.1042e-07 3.8030e-08 2.4089e-03 5.1079e-07 2.3694e+03
1.0257e-04 8.1972e-02 1.3393e-03 7.1655e-03 7.4400e-01 2.3938e-01 8.7218e-05 4.2872e-04 5.1957e-03 1.6626e-06 2.1087e-07 3.7988e-08 2.4026e-03 5.0889e-07 2.3693e+03
1.0376e-04 8.1036e-02 1.3402e-03 7.1743e-03 7.4400e-01 2.3937e-01 8.7365e-05 4.2953e-04 5.2000e-03 1.6645e-06 2.1133e-07 3.7945e-08 2.3963e-03 5.0697e-07 2.3692e+03
1.0496e-04 8.0110e-02 1.3411e-03 7.1831e-03 7.4401e-01 2.3935e-01 8.7514e-05 4.3034e-04 5.2044e-03 1.6663e-06 2.1179e-07 3.7902e-08 2.3900e-03 5.0505e-07 2.3691e+03
1.0618e-04 7.9195e-02 1.3420e-03 7.1921e-03 7.4401e-01 2.3934e-01 8.7665e-05 4.3117e-04 5.2088e-03 1.6682e-06 2.1225e-07 3.7858e-08 2.3836e-03 5.0311e-07 2.3690e+03
1.0741e-04 7.8291e-02 1.3429e-03 7.2011e-03 7.4401e-01 2.3933e-01 8.7817e-05 4.3200e-04 5.2132e-03 1.6701e-06 2.1272e-07 3.7814e-08 2.3771e-03 5.0117e-07 2.3688e+03
1.0865e-04 7.7397e-02 1.3438e-03 7.2102e-03 7.4402e-01 2.3932e-01 8.7970e-05 4.3284e-04 5.2176e-03 1.6721e-06 2.1320e-07 3.7770e-08 2.3707e-03 4.9921e-07 2.3687e+03
1.0991e-04 7.6513e-02 1.3448e-03 7.2194e-03 7.4402e-01 2.3931e-01 8.8125e-05 4.3369e-04 5.2222e-03 1.6740e-06 2.1368e-07 3.7725e-08 2.3642e-03 4.9725e-07 2.3686e+03
1.1118e-04 7.5639e-02 1.3457e-03 7.2286e-03 7.4402e-01 2.3929e-01 8.8282e-05 4.3454e-04 5.2267e-03 1.6760e-06 2.1416e-07 3.7680e-08 2.3576e-03 4.9527e-07 2.3685e+03
1.1247e-04 7.4776e-02 1.3467e-03 7.2380e-03 7.4403e-01 2.3928e-01 8.8441e-05 4.3541e-04 5.2313e-03 1.6779e-06 2.1466e-07 3.7634e-08 2.3510e-03 4.9329e-07 2.3684e+03
1.1378e-04 7.3922e-02 1.3477e-03 7.2474e-03 7.4403e-01 2.3927e-01 8.8601e-05 4.3628e-04 5.2359e-03 1.6799e-06 2.1515e-07 3.7589e-08 2.3444e-03 4.9130e-07 2.3682e+03
1.1510e-04 7.3078e-02 1.3486e-03 7.2569e-03 7.4403e-01 2.3926e-01 8.8762e-05 4.3717e-04 5.2406e-03 1.6819e-06 2.1565e-07 3.7542e-08 2.3378e-03 4.8929e-07 2.3681e+03
1.1643e-04 7.2244e-02 1.3496e-03 7.2665e-03 7.4404e-01 2.3924e-01 8.8926e-05 4.3806e-04 5.2453e-03 1.6840e-06 2.1616e-07 3.7496e-08 2.3311e-03 4.8728e-07 2.3680e+03
1.1778e-04 7.1419e-02 1.3506e-03 7.2762e-03 7.4404e-01 2.3923e-01 8.9091e-05 4.3896e-04 5.2500e-03 1.6860e-06 2.1667e-07 3.7449e-08 2.3243e-03 4.8526e-07 2.3679e+03
1.1915e-04 7.0604e-02 1.3516e-03 7.2859e-03 7.4404e-01 2.3922e-01 8.9258e-05 4.3987e-04 5.2548e-03 1.6881e-06 2.1719e-07 3.7402e-08 2.3176e-03 4.8323e-07 2.3677e+03
1.2053e-04 6.9798e-02 1.3526e-03 7.2957e-03 7.4404e-01 2.3920e-01 8.9426e-05 4.4079e-04 5.2596e-03 1.6902e-06 2.1771e-07 3.7354e-08 2.3108e-03 4.8118e-07 2.3676e+03
1.2192e-04 6.9001e-02 1.3537e-03 7.3057e-03 7.4405e-01 2.3919e-01 8.9597e-05 4.4172e-04 5.2645e-03 1.6923e-06 2.1824e-07 3.7306e-08 2.3039e-03 4.7913e-07 2.3675e+03
1.2334e-04 6.8213e-02 1.3547e-03 7.3157e-03 7.4405e-01 2.3918e-01 8.9769e-05 4.4266e-04 5.2694e-03 1.6944e-06 2.1878e-07 3.7257e-08 2.2970e-03 4.7707e-07 2.3673e+03
1.2477e-04 6.7435e-02 1.3557e-03 7.3257e-03 7.4405e-01 2.3916e-01 8.9943e-05 4.4360e-04 5.2744e-03 1.6965e-06 2.1932e-07 3.7208e-08 2.2901e-03 4.7501e-07 2.3672e+03
1.2621e-04 6.6665e-02 1.3568e-03 7.3359e-03 7.4406e-01 2.3915e-01 9.0118e-05 4.4456e-04 5.2794e-03 1.6987e-06 2.1986e-07 3.7159e-08 2.2831e-03 4.7293e-07 2.3671e+03
1.2768e-04 6.5904e-02 1.3579e-03 7.3462e-03 7.4406e-01 2.3914e-01 9.0296e-05 4.4553e-04 5.2844e-03 1.7008e-06 2.2042e-07 3.7109e-08 2.2761e-03 4.7084e-07 2.3669e+03
1.2915e-04 6.5152e-02 1.3589e-03 7.3565e-03 7.4406e-01 2.3912e-01 9.0475e-05 4.4650e-04 5.2895e-03 1.7030e-06 2.2097e-07 3.7059e-08 2.2691e-03 4.6875e-07 2.3668e+03
1.3065e-04 6.4409e-02 1.3600e-03 7.3669e-03 7.4407e-01 2.3911e-01 9.0656e-05 4.4749e-04 5.2946e-03 1.7053e-06 2.2154e-07 3.7009e-08 2.2621e-03 4.6664e-07 2.3667e+03
1.3217e-04 6.3674e-02 1.3611e-03 7.3775e-03 7.4407e-01 2.3909e-01 9.0839e-05 4.4848e-04 5.2998e-03 1.7075e-06 2.2211e-07 3.6958e-08 2.2549e-03 4.6453e-07 2.3665e+03
1.3370e-04 6.2947e-02 1.3622e-03 7.3881e-03 7.4407e-01 2.3908e-01 9.1024e-05 4.4949e-04 5.3050e-03 1.7097e-06 2.2268e-07 3.6907e-08 2.2478e-03 4.6241e-07 2.3664e+03
1.3525e-04 6.2229e-02 1.3633e-03 7.3987e-03 7.4408e-01 2.3907e-01 9.1211e-05 4.5050e-04 5.3102e-03 1.7120e-06 2.2326e-07 3.6855e-08 2.2406e-03 4.6028e-07 2.3662e+03
1.3682e-04 6.1519e-02 1.3645e-03 7.4095e-03 7.4408e-01 2.3905e-01 9.1399e-05 4.5153e-04 5.3155e-03 1.7143e-06 2.2385e-07 3.6803e-08 2.2334e-03 4.5815e-07 2.3661e+03
1.3840e-04 6.0817e-02 1.3656e-03 7.4204e-03 7.4408e-01 2.3904e-01 9.1590e-05 4.5256e-04 5.3208e-03 1.7166e-06 2.2445e-07 3.6751e-08 2.2262e-03 4.5600e-07 2.3659e+03
1.4001e-04 6.0123e-02 1.3668e-03 7.4313e-03 7.4409e-01 2.3902e-01 9.1782e-05 4.5361e-04 5.3262e-03 1.7189e-06 2.2505e-07 3.6698e-08 2.2189e-03 4.5385e-07 2.3658e+03
1.4163e-04 5.9437e-02 1.3679e-03 7.4424e-03 7.4409e-01 2.3901e-01 9.1977e-05 4.5466e-04 5.3317e-03 1.7213e-06 2.2565e-07 3.6645e-08 2.2116e-03 4.5168e-07 2.3656e+03
1.4327e-04 5.8759e-02 1.3691e-03 7.4535e-03 7.4409e-01 2.3899e-01 9.2173e-05 4.5573e-04 5.3371e-03 1.7237e-06 2.2627e-07 3.6591e-08 2.2042e-03 4.4952e-07 2.3655e+03
1.4493e-04 5.8088e-02 1.3703e-03 7.4648e-03 7.4410e-01 2.3898e-01 9.2372e-05 4.5681e-04 5.3426e-03 1.7260e-06 2.2688e-07 3.6537e-08 2.1968e-03 4.4734e-07 2.3653e+03
1.4661e-04 5.7426e-02 1.3715e-03 7.4761e-03 7.4410e-01 2.3896e-01 9.2572e-05 4.5789e-04 5.3482e-03 1.7285e-06 2.2751e-07 3.6483e-08 2.1894e-03 4.4515e-07 2.3652e+03
1.4831e-04 5.6771e-02 1.3727e-03 7.4875e-03 7.4410e-01 2.3895e-01 9.2775e-05 4.5899e-04 5.3538e-03 1.7309e-06 2.2814e-07 3.6428e-08 2.1820e-03 4.4296e-07 2.3650e+03
1.5003e-04 5.6123e-02 1.3739e-03 7.4990e-03 7.4411e-01 2.3893e-01 9.2980e-05 4.6010e-04 5.3594e-03 1.7333e-06 2.2878e-07 3.6373e-08 2.1745e-03 4.4076e-07 2.3649e+03
1.5177e-04 5.5483e-02 1.3751e-03 7.5106e-03 7.4411e-01 2.3891e-01 9.3186e-05 4.6122e-04 5.3651e-03 1.7358e-06 2.2943e-07 3.6317e-08 2.1669e-03 4.3856e-07 2.3647e+03
1.5353e-04 5.4850e-02 1.3764e-03 7.5223e-03 7.4412e-01 2.3890e-01 9.3395e-05 4.6235e-04 5.3709e-03 1.7383e-06 2.3008e-07 3.6261e-08 2.1594e-03 4.3634e-07 2.3645e+03
1.5531e-04 5.4225e-02 1.3776e-03 7.5340e-03 7.4412e-01 2.3888e-01 9.3606e-05 4.6349e-04 5.3767e-03 1.7408e-06 2.3074e-07 3.6204e-08 2.1518e-03 4.3412e-07 2.3644e+03
1.5711e-04 5.3606e-02 1.3789e-03 7.5459e-03 7.4412e-01 2.3887e-01 9.3819e-05 4.6464e-04 5.3825e-03 1.7434e-06 2.3141e-07 3.6147e-08 2.1442e-03 4.3189e-07 2.3642e+03
